B = 
[[0.         0.33333333 0.5        0.         0.         0.         0.         0.         0.        ]
 [0.         0.33333333 0.4        0.         0.         0.         0.         0.         0.        ]
 [0.         0.33333333 0.375      0.         0.         0.         0.         0.         0.        ]
 [0.         0.         0.         0.16666667 0.         0.5        0.         0.         0.        ]
 [0.         0.         0.         0.26666667 0.         0.4        0.         0.         0.        ]
 [0.         0.         0.         0.29166667 0.         0.375      0.         0.         0.        ]
 [0.         0.         0.         0.         0.         0.         0.16666667 0.33333333 0.        ]
 [0.         0.         0.         0.         0.         0.         0.26666667 0.33333333 0.        ]
 [0.         0.         0.         0.         0.         0.         0.29166667 0.33333333 0.        ]]
J_0 = 
[[1. 0. 0. 0. 0. 0. 0. 0. 0.]
 [0. 1. 0. 0. 0. 0. 0. 0. 0.]
 [0. 0. 1. 0. 0. 0. 0. 0. 0.]
 [0. 0. 0. 1. 0. 0. 0. 0. 0.]
 [0. 0. 0. 0. 1. 0. 0. 0. 0.]
 [0. 0. 0. 0. 0. 1. 0. 0. 0.]
 [0. 0. 0. 0. 0. 0. 1. 0. 0.]
 [0. 0. 0. 0. 0. 0. 0. 1. 0.]
 [0. 0. 0. 0. 0. 0. 0. 0. 1.]]
F_1 transpose kron I = 
[[0.16666667 0.         0.         0.26666667 0.         0.         0.29166667 0.         0.        ]
 [0.         0.16666667 0.         0.         0.26666667 0.         0.         0.29166667 0.        ]
 [0.         0.         0.16666667 0.         0.         0.26666667 0.         0.         0.29166667]
 [0.33333333 0.         0.         0.33333333 0.         0.         0.33333333 0.         0.        ]
 [0.         0.33333333 0.         0.         0.33333333 0.         0.         0.33333333 0.        ]
 [0.         0.         0.33333333 0.         0.         0.33333333 0.         0.         0.33333333]
 [0.5        0.         0.         0.4        0.         0.         0.375      0.         0.        ]
 [0.         0.5        0.         0.         0.4        0.         0.         0.375      0.        ]
 [0.         0.         0.5        0.         0.         0.4        0.         0.         0.375     ]]
diag(F_1) kron I = 
[[0.16666667 0.         0.         0.         0.         0.         0.         0.         0.        ]
 [0.         0.16666667 0.         0.         0.         0.         0.         0.         0.        ]
 [0.         0.         0.16666667 0.         0.         0.         0.         0.         0.        ]
 [0.         0.         0.         0.33333333 0.         0.         0.         0.         0.        ]
 [0.         0.         0.         0.         0.33333333 0.         0.         0.         0.        ]
 [0.         0.         0.         0.         0.         0.33333333 0.         0.         0.        ]
 [0.         0.         0.         0.         0.         0.         0.375      0.         0.        ]
 [0.         0.         0.         0.         0.         0.         0.         0.375      0.        ]
 [0.         0.         0.         0.         0.         0.         0.         0.         0.375     ]]
A_1 = 
[[0.         0.         0.         0.26666667 0.         0.         0.29166667 0.         0.        ]
 [0.         0.         0.         0.         0.26666667 0.         0.         0.29166667 0.        ]
 [0.         0.         0.         0.         0.         0.26666667 0.         0.         0.29166667]
 [0.33333333 0.         0.         0.         0.         0.         0.33333333 0.         0.        ]
 [0.         0.33333333 0.         0.         0.         0.         0.         0.33333333 0.        ]
 [0.         0.         0.33333333 0.         0.         0.         0.         0.         0.33333333]
 [0.5        0.         0.         0.4        0.         0.         0.         0.         0.        ]
 [0.         0.5        0.         0.         0.4        0.         0.         0.         0.        ]
 [0.         0.         0.5        0.         0.         0.4        0.         0.         0.        ]]
J_1 = 
[[0.         0.         0.         0.26666667 0.         0.         0.29166667 0.         0.        ]
 [0.         0.33333333 0.         0.         0.26666667 0.         0.         0.29166667 0.        ]
 [0.         0.         0.375      0.         0.         0.26666667 0.         0.         0.29166667]
 [0.33333333 0.         0.         0.16666667 0.         0.         0.33333333 0.         0.        ]
 [0.         0.33333333 0.         0.         0.         0.         0.         0.33333333 0.        ]
 [0.         0.         0.33333333 0.         0.         0.375      0.         0.         0.33333333]
 [0.5        0.         0.         0.4        0.         0.         0.16666667 0.         0.        ]
 [0.         0.5        0.         0.         0.4        0.         0.         0.33333333 0.        ]
 [0.         0.         0.5        0.         0.         0.4        0.         0.         0.        ]]
F_2 transpose kron I = 
[[0.23472222 0.         0.         0.20555556 0.         0.         0.19826389 0.         0.        ]
 [0.         0.23472222 0.         0.         0.20555556 0.         0.         0.19826389 0.        ]
 [0.         0.         0.23472222 0.         0.         0.20555556 0.         0.         0.19826389]
 [0.22222222 0.         0.         0.22222222 0.         0.         0.22222222 0.         0.        ]
 [0.         0.22222222 0.         0.         0.22222222 0.         0.         0.22222222 0.        ]
 [0.         0.         0.22222222 0.         0.         0.22222222 0.         0.         0.22222222]
 [0.21666667 0.         0.         0.26666667 0.         0.         0.27916667 0.         0.        ]
 [0.         0.21666667 0.         0.         0.26666667 0.         0.         0.27916667 0.        ]
 [0.         0.         0.21666667 0.         0.         0.26666667 0.         0.         0.27916667]]
diag(F_2) kron I = 
[[0.23472222 0.         0.         0.         0.         0.         0.         0.         0.        ]
 [0.         0.23472222 0.         0.         0.         0.         0.         0.         0.        ]
 [0.         0.         0.23472222 0.         0.         0.         0.         0.         0.        ]
 [0.         0.         0.         0.22222222 0.         0.         0.         0.         0.        ]
 [0.         0.         0.         0.         0.22222222 0.         0.         0.         0.        ]
 [0.         0.         0.         0.         0.         0.22222222 0.         0.         0.        ]
 [0.         0.         0.         0.         0.         0.         0.27916667 0.         0.        ]
 [0.         0.         0.         0.         0.         0.         0.         0.27916667 0.        ]
 [0.         0.         0.         0.         0.         0.         0.         0.         0.27916667]]
A_2 = 
[[0.         0.         0.         0.20555556 0.         0.         0.19826389 0.         0.        ]
 [0.         0.         0.         0.         0.20555556 0.         0.         0.19826389 0.        ]
 [0.         0.         0.         0.         0.         0.20555556 0.         0.         0.19826389]
 [0.22222222 0.         0.         0.         0.         0.         0.22222222 0.         0.        ]
 [0.         0.22222222 0.         0.         0.         0.         0.         0.22222222 0.        ]
 [0.         0.         0.22222222 0.         0.         0.         0.         0.         0.22222222]
 [0.21666667 0.         0.         0.26666667 0.         0.         0.         0.         0.        ]
 [0.         0.21666667 0.         0.         0.26666667 0.         0.         0.         0.        ]
 [0.         0.         0.21666667 0.         0.         0.26666667 0.         0.         0.        ]]
J_2 = 
[[0.         0.         0.         0.20555556 0.         0.         0.19826389 0.         0.        ]
 [0.         0.11111111 0.         0.         0.20555556 0.         0.         0.19826389 0.        ]
 [0.         0.         0.140625   0.         0.         0.20555556 0.         0.         0.19826389]
 [0.22222222 0.         0.         0.02777778 0.         0.         0.22222222 0.         0.        ]
 [0.         0.22222222 0.         0.         0.         0.         0.         0.22222222 0.        ]
 [0.         0.         0.22222222 0.         0.         0.140625   0.         0.         0.22222222]
 [0.21666667 0.         0.         0.26666667 0.         0.         0.02777778 0.         0.        ]
 [0.         0.21666667 0.         0.         0.26666667 0.         0.         0.11111111 0.        ]
 [0.         0.         0.21666667 0.         0.         0.26666667 0.         0.         0.        ]]
